34
70
99
61
89
71
92
5
27
33
60
91
64
30
28
1
3
85
56
34
96
63
39
27
34
44
96
50
21
34
99
9
70
20
21
37
2
44
24
30
69
77
7
18
15
11
12
96
90
16
75
20
90
69
13
52
41
47
81
24
44
97
34
46
53
68
75
12
48
85
66
89
18
83
61
39
14
80
83
32
3
4
0
93
11
96
69
56
37
28
28
41
22
67
53
72
37
98
90
55
10
64
67
46
12
74
8
81
72
31
65
13
52
65
32
88
68
98
50
42
18
20
47
7
71
66
10
72
68
72
34
58
92
94
56
18
84
68
3
7
37
12
15
19
0
45
52
22
27
56
20
95
42
32
15
3
92
92
95
13
12
87
6
17
97
66
37
89
1
96
78
57
81
19
35
75
6
91
36
99
7
37
78
9
74
77
97
42
61
20
52
24
11
64
63
48
39
14
13
50
24
41
61
13
19
17
95
43
92
48
81
29
1
62
93
37
68
25
78
47
65
38
18
7
65
53
56
20
77
99
33
63
96
6
35
91
48
81
92
45
37
81
62
81
23
13
61
73
57
82
29
60
51
2
92
66
38
70
7
15
71
26
63
51
51
0
8
62
10
66
24
10
94
21
18
51
77
50
95
47
87
93
94
65
5
14
24
70
84
55
99
19
70
78
89
9
55
61
13
91
83
0
97
39
35
40
56
63
55
70
31
56
59
69
5
50
52
35
34
30
9
59
97
28
14
80
34
49
64
88
41
5
99
7
56
9
19
44
87
95
58
74
68
14
6
43
22
81
86
9
52
13
46
50
93
87
76
87
8
58
13
16
84
88
76
43
34
82
82
98
77
23
42
73
23
31
93
46
89
9
22
26
85
69
65
51
76
48
14
96
83
90
28
97
15
91
93
74
33
63
58
71
34
99
90
10
18
9
41
10
33
1
71
97
8
95
1
97
24
60
58
83
86
81
62
26
89
85
72
62
30
60
21
9
13
46
5
10
93
76
74
98
67
94
46
67
81
12
10
19
27
78
17
67
27
87
56
72
65
17
98
88
5
85
55
33
50
84
36
58
39
31
98
55
37
73
87
39
92
78
49
56
30
97
15
97
42
46
27
50
63
13
54
96
93
72
42
59
17
75
21
94
57
27
95
88
79
79
14
39
18
15
82
88
4
17
46
65
70
73
80
12
34
85
91
60
65
26
87
44
5
3
58
45
45
68
51
69
11
36
6
88
26
75
13
95
37
27
61
41
47
68
44
56
67
81
15
78
32
87
55
62
32
64
3
69
10
35
4
63
47
6
0
16
78
14
37
42
58
16
78
40
30
59
34
75
9
50
3
92
74
32
42
99
73
98
90
33
98
42
18
80
29
72
22
89
83
8
25
90
79
9
9
7
48
65
40
19
17
33
43
33
91
91
69
72
19
32
78
11
60
11
84
55
1
37
38
68
55
79
26
29
66
27
25
28
69
83
33
83
38
81
97
86
87
96
97
82
59
54
21
13
33
70
42
51
87
61
30
87
13
59
99
34
31
78
39
72
2
7
10
29
6
97
95
87
72
48
72
80
85
14
66
31
52
86
31
87
12
9
2
62
89
67
70
57
57
59
12
49
19
63
47
21
68
6
44
41
88
13
94
67
30
47
71
17
88
11
66
88
34
35
3
23
76
23
10
31
37
2
86
2
0
74
95
92
37
42
75
64
67
45
8
17
15
19
56
80
2
63
33
71
13
86
83
68
89
76
43
5
45
29
50
14
11
52
82
40
66
70
1
57
10
29
22
21
42
3
69
15
35
23
15
39
97
30
69
46
62
64
74
7
34
37
12
53
96
7
59
34
50
27
14
94
86
52
54
62
93
76
86
51
17
67
43
17
33
12
67
61
62
97
46
22
51
16
20
27
5
90
57
65
51
88
92
43
68
97
94
8
67
46
31
23
2
13
70
0
12
37
92
8
28
64
22
9
85
76
87
76
37
58
72
3
51
58
47
12
82
69
1
39
36
95
21
80
30
2
66
33
24
67
17
23
43
66
88
29
35
15
51
86
15
59
82
94
22
94
83
14
87
31
20
91
24
56
39
1
8
94
48
15
52
59
51
71
20
76
84
10
5
3
63
21
86
49
80
73
37
40
91
66
81
84
28
26
20
12
29
54
25
1
28
27
86
14
44
47
23
19
62
27
24
90
92
90
39
32
38
3
85
0
61
0
28
56
95
34
4
18
19
61
84
34
82
83
55
62
12
11
4
82
62
12
90
48
59
35
58
21
